              precision    recall  f1-score   support

           0     0.9980    0.9939    0.9959       980
           1     0.9974    0.9956    0.9965      1135
           2     0.9981    0.9922    0.9951      1032
           3     0.9921    0.9970    0.9946      1010
           4     0.9949    0.9969    0.9959       982
           5     0.9911    0.9966    0.9939       892
           6     0.9927    0.9937    0.9932       958
           7     0.9951    0.9951    0.9951      1028
           8     0.9969    0.9949    0.9959       974
           9     0.9931    0.9941    0.9936      1009

    accuracy                         0.9950     10000
   macro avg     0.9949    0.9950    0.9950     10000
weighted avg     0.9950    0.9950    0.9950     10000
